0 0.3031596925704526 0.46539379474940334 0.035012809564474806 0.053301511535401754
0 0.335397096498719 0.28997613365155134 0.033304867634500426 0.059665871121718374
0 0.7675064047822374 0.014319809069212411 0.05294619982920581 0.028639618138424822
0 0.8268573868488471 0.02545743834526651 0.020922288642186166 0.04295942720763723
0 0.9816396242527754 0.007955449482895784 0.034585824081981215 0.015910898965791568
0 0.9679760888129804 0.3854415274463007 0.035866780529461996 0.10501193317422435
0 0.8356105892399659 0.9864757358790772 0.024765157984628524 0.027048528241845664
0 0.8590947907771136 0.9359586316626889 0.04526046114432109 0.07319013524264122
0 0.8778821520068317 0.8671439936356404 0.022630230572160546 0.03739061256961018
0 0.8840734415029889 0.7816229116945107 0.035866780529461996 0.07637231503579953
0 0.8845004269854825 0.7167859984089101 0.016225448334756618 0.021479713603818614
0 0.947267292912041 0.6746221161495625 0.02049530315969257 0.03341288782816229
0 0.9822801024765158 0.6205250596658711 0.02305721605465414 0.03659506762132061