1 0.7677350427350428 0.5596658711217184 0.03333333333333333 0.09307875894988067
0 0.2170940170940171 0.5377883850437549 0.16153846153846155 0.19649960222752585
0 0.23311965811965812 0.42641209228321403 0.05512820512820513 0.053301511535401754
2 0.6536324786324786 0.6782020684168656 0.6927350427350427 0.6435958631662689
2 0.15512820512820513 0.8146380270485283 0.30299145299145297 0.3643595863166269
1 0.35 0.7569610182975338 0.04145299145299145 0.04375497215592681
1 0.37927350427350426 0.7219570405727923 0.022222222222222223 0.09785202863961814
1 0.4519230769230769 0.9805091487669053 0.011538461538461539 0.03739061256961018
1 0.5773504273504273 0.7311058074781225 0.02735042735042735 0.0477326968973747
1 0.6254273504273504 0.6014319809069213 0.03247863247863248 0.031026252983293555
1 0.9215811965811965 0.3723150357995227 0.04871794871794872 0.21957040572792363
1 0.976068376068376 0.4478918058870326 0.012393162393162393 0.03739061256961018
1 0.9542735042735043 0.5119331742243437 0.019230769230769232 0.027048528241845664
1 0.9354700854700855 0.7720763723150358 0.014102564102564103 0.02545743834526651
1 0.9506410256410256 0.658313444709626 0.009401709401709401 0.023070803500397773
1 0.958974358974359 0.9661893396976929 0.02905982905982906 0.024661893396976928
1 0.7741452991452992 0.4701670644391408 0.007264957264957265 0.060461416070007955
1 0.9467948717948718 0.29952267303102625 0.023076923076923078 0.017501988862370723
1 0.9474358974358974 0.34049323786793956 0.021367521367521368 0.056483691328560064
1 0.09145299145299145 0.5879077167859984 0.042735042735042736 0.08512330946698489
1 0.12735042735042734 0.5835322195704057 0.008974358974358974 0.066030230708035
0 0.5925213675213675 0.5883054892601431 0.029914529914529916 0.0477326968973747