0 0.34233076263924594 0.7256778309409888 0.032562125107112254 0.06698564593301436
0 0.4792202227934876 0.6778309409888357 0.05184233076263925 0.16507177033492823
0 0.9882176520994002 0.7759170653907496 0.006426735218508998 0.022328548644338118
0 0.9901456726649529 0.9433811802232854 0.01970865467009426 0.07814992025518341
0 0.5552699228791774 0.9401913875598086 0.02056555269922879 0.05901116427432217
0 0.5252784918594687 0.8409090909090909 0.030419880034275922 0.09728867623604466
0 0.20308483290488433 0.3572567783094099 0.04113110539845758 0.08931419457735247
0 0.9860754070265638 0.5127591706539075 0.015424164524421594 0.02711323763955343
0 0.8579691516709511 0.8767942583732058 0.013281919451585262 0.012759170653907496
0 0.9357326478149101 0.8708133971291866 0.016709511568123392 0.02073365231259968
0 0.9595115681233933 0.8716108452950558 0.008140531276778063 0.02711323763955343
0 0.9213796058269066 0.8720095693779905 0.00856898029134533 0.022328548644338118