0 0.0876068376068376 0.24403815580286167 0.021367521367521368 0.14467408585055644
0 0.7715811965811966 0.8656597774244833 0.07435897435897436 0.14308426073131955
0 0.7267094017094017 0.9360095389507154 0.07094017094017094 0.12798092209856915
0 0.75 0.8998410174880763 0.06153846153846154 0.12798092209856915
0 0.27841880341880343 0.4419713831478537 0.014957264957264958 0.021462639109697933
0 0.4173076923076923 0.45588235294117646 0.4354700854700855 0.4332273449920509
0 0.38824786324786326 0.6967408585055644 0.05213675213675214 0.04689984101748808
0 0.5175213675213676 0.510731319554849 0.16880341880341881 0.22416534181240064
0 0.3388888888888889 0.3656597774244833 0.2760683760683761 0.2527821939586645
0 0.10128205128205128 0.22138314785373608 0.005128205128205128 0.01589825119236884
0 0.09978632478632479 0.20190779014308427 0.006837606837606838 0.012718600953895072
0 0.0876068376068376 0.12957074721780604 0.014102564102564103 0.05802861685214626
0 0.7923076923076923 0.8998410174880763 0.02264957264957265 0.05087440381558029
0 0.7596153846153846 0.8350556438791733 0.03504273504273504 0.05564387917329094
0 0.8217948717948718 0.8577106518282989 0.09572649572649573 0.1971383147853736
0 0.36175213675213674 0.4566772655007949 0.031196581196581197 0.04292527821939587
0 0.7108974358974359 0.6212241653418124 0.06538461538461539 0.11844197138314785
0 0.9673076923076923 0.5703497615262321 0.06538461538461539 0.07869634340222575