0 0.7156022288898414 0.9270334928229665 0.1483069009858551 0.145933014354067
0 0.8675525075010716 0.7312599681020734 0.022288898414059153 0.037480063795853266
0 0.8309044149164166 0.7655502392344498 0.020574367766823833 0.04146730462519936
0 0.8090441491641663 0.7934609250398724 0.020145735105015 0.04146730462519936
0 0.8591941705957994 0.7858851674641149 0.015430775825117874 0.023125996810207338
0 0.876553793399057 0.9553429027113237 0.06600942991855979 0.08931419457735247
0 0.9528504072010288 0.9350079744816587 0.062151735962280324 0.12759170653907495
0 0.9725675096442349 0.04346092503987241 0.053579082726103726 0.08373205741626795
0 0.8484783540505787 0.4405901116427432 0.12387483926275182 0.21371610845295055
0 0.6963137591084441 0.7208931419457735 0.17488212601800257 0.23365231259968103
0 0.8561937419631376 0.733652312599681 0.14402057436776683 0.2551834130781499
0 0.6684526360908701 0.46810207336523124 0.17831118731247322 0.22886762360446572