0 0.5583190394511149 0.6865552903739062 0.05917667238421955 0.07398568019093078
0 0.7785162950257289 0.8870326173428799 0.014150943396226415 0.03659506762132061
0 0.8196826758147513 0.6201272871917264 0.023156089193825044 0.045346062052505964
0 0.7836620926243568 0.6953062848050915 0.006003430531732418 0.014319809069212411
0 0.79352487135506 0.6650755767700876 0.0047169811320754715 0.005568814638027049
0 0.7534305317324185 0.5628480509148767 0.006003430531732418 0.014319809069212411
0 0.7615780445969125 0.5875099443118537 0.014579759862778732 0.017501988862370723
0 0.7941680960548885 0.5210819411296739 0.008147512864493996 0.013524264120922832
0 0.7654373927958834 0.45584725536992843 0.027873070325900515 0.07239459029435164
0 0.8488421955403087 0.42521877486077964 0.025728987993138937 0.030230708035003977
0 0.7789451114922813 0.25019888623707237 0.0330188679245283 0.09148766905330151
0 0.8074614065180102 0.3711217183770883 0.05660377358490566 0.13842482100238662