1 0.6503856041131105 0.7905138339920948 0.025278491859468722 0.034782608695652174
0 0.8326906598114824 0.3118577075098814 0.011568123393316195 0.016600790513833993
0 0.8753213367609255 0.26126482213438734 0.012425021422450729 0.018972332015810278
0 0.8515424164524421 0.09051383399209487 0.027849185946872322 0.021343873517786563
0 0.4974293059125964 0.8102766798418972 0.07497857754927163 0.09960474308300395
0 0.6587403598971723 0.8845849802371542 0.033419023136246784 0.04980237154150197
0 0.7322193658954584 0.7067193675889328 0.14781491002570693 0.16996047430830039
0 0.609254498714653 0.9205533596837945 0.03384747215081405 0.1533596837944664
0 0.921165381319623 0.6280632411067194 0.054841473864610114 0.108300395256917
0 0.62382176520994 0.6877470355731226 0.07326478149100257 0.04110671936758893
1 0.867395029991431 0.6173913043478261 0.031276778063410456 0.07351778656126483
1 0.8262639245929735 0.5383399209486166 0.042416452442159386 0.06482213438735178
0 0.8211225364181662 0.6656126482213439 0.017994858611825194 0.02450592885375494
0 0.8089117395029991 0.6577075098814229 0.010711225364181662 0.011857707509881422
1 0.8301199657240789 0.3960474308300395 0.05869751499571551 0.10988142292490119
1 0.9121679520137104 0.24545454545454545 0.04113110539845758 0.012648221343873518
0 0.9125964010282777 0.12885375494071147 0.06298200514138817 0.0774703557312253
0 0.7945586975149957 0.6569169960474308 0.020137103684661525 0.04426877470355731
2 0.7954155955441302 0.5272727272727272 0.40616966580976865 0.9454545454545454