1 0.10954214805305948 0.8955342902711324 0.09328198545143346 0.13078149920255183
1 0.392811296534018 0.0905103668261563 0.04621309370988447 0.04226475279106858
1 0.4197689345314506 0.13197767145135567 0.04621309370988447 0.259170653907496
1 0.5541292255027813 0.1682615629984051 0.017115960633290545 0.15151515151515152
1 0.36307231493367564 0.24960127591706538 0.01069747539580659 0.1339712918660287
1 0.34895164741121093 0.30023923444976075 0.12195121951219512 0.12679425837320574
1 0.6521181001283697 0.3269537480063796 0.09328198545143346 0.18181818181818182
0 0.558408215661104 0.03349282296650718 0.012836970474967908 0.023923444976076555
0 0.8224219084296106 0.43779904306220097 0.22165169020111253 0.4768740031897927
1 0.23919554985023533 0.44896331738437 0.05562687205819426 0.1674641148325359
0 0.5222507488232777 0.04824561403508772 0.050919982884039365 0.09170653907496013
1 0.576379974326059 0.48086124401913877 0.07958921694480103 0.11802232854864433
1 0.5139067180145486 0.490829346092504 0.02139495079161318 0.08213716108452951
2 0.5280273855370132 0.5011961722488039 0.9405220367993153 0.9960127591706539
1 0.4751818570817287 0.5566188197767146 0.057766367137355584 0.22807017543859648
1 0.6833547282841249 0.07216905901116427 0.024818142918271287 0.08373205741626795